x	f(x)	f'(x)
0	1	0
0	1	0
0.01	1	0
0.01	1	-0.01
0.01	1	-0.01
0.02	1	-0.01
0.02	1	-0.02
0.02	1	-0.02
0.03	1	-0.02
0.03	1	-0.03
0.03	1	-0.03
0.03	1	-0.03
0.04	1	-0.04
0.04	1	-0.04
0.04	1	-0.04
0.05	1	-0.05
0.05	1	-0.05
0.05	1	-0.05
0.06	1	-0.05
0.06	1	-0.06
0.06	1	-0.06
0.07	1	-0.06
0.07	1	-0.07
0.07	1	-0.07
0.08	1	-0.07
0.08	1	-0.08
0.08	1	-0.08
0.08	1	-0.08
0.09	1	-0.09
0.09	1	-0.09
0.09	1	-0.09
0.1	1	-0.1
0.1	0.99	-0.1
0.1	0.99	-0.1
0.11	0.99	-0.1
0.11	0.99	-0.11
0.11	0.99	-0.11
0.12	0.99	-0.11
0.12	0.99	-0.12
0.12	0.99	-0.12
0.13	0.99	-0.12
0.13	0.99	-0.13
0.13	0.99	-0.13
0.14	0.99	-0.13
0.14	0.99	-0.14
0.14	0.99	-0.14
0.14	0.99	-0.14
0.15	0.99	-0.15
0.15	0.99	-0.15
0.15	0.99	-0.15
0.16	0.99	-0.15
0.16	0.99	-0.16
0.16	0.99	-0.16
0.17	0.99	-0.16
0.17	0.99	-0.17
0.17	0.99	-0.17
0.18	0.98	-0.17
0.18	0.98	-0.18
0.18	0.98	-0.18
0.19	0.98	-0.18
0.19	0.98	-0.19
0.19	0.98	-0.19
0.19	0.98	-0.19
0.2	0.98	-0.19
0.2	0.98	-0.2
0.2	0.98	-0.2
0.21	0.98	-0.2
0.21	0.98	-0.21
0.21	0.98	-0.21
0.22	0.98	-0.21
0.22	0.98	-0.22
0.22	0.98	-0.22
0.23	0.97	-0.22
0.23	0.97	-0.23
0.23	0.97	-0.23
0.24	0.97	-0.23
0.24	0.97	-0.23
0.24	0.97	-0.24
0.24	0.97	-0.24
0.25	0.97	-0.24
0.25	0.97	-0.25
0.25	0.97	-0.25
0.26	0.97	-0.25
0.26	0.97	-0.26
0.26	0.97	-0.26
0.27	0.96	-0.26
0.27	0.96	-0.27
0.27	0.96	-0.27
0.28	0.96	-0.27
0.28	0.96	-0.27
0.28	0.96	-0.28
0.29	0.96	-0.28
0.29	0.96	-0.28
0.29	0.96	-0.29
0.3	0.96	-0.29
0.3	0.96	-0.29
0.3	0.95	-0.3
0.3	0.95	-0.3
0.31	0.95	-0.3
0.31	0.95	-0.3
0.31	0.95	-0.31
0.32	0.95	-0.31
0.32	0.95	-0.31
0.32	0.95	-0.32
0.33	0.95	-0.32
0.33	0.95	-0.32
0.33	0.95	-0.33
0.34	0.94	-0.33
0.34	0.94	-0.33
0.34	0.94	-0.33
0.35	0.94	-0.34
0.35	0.94	-0.34
0.35	0.94	-0.34
0.35	0.94	-0.35
0.36	0.94	-0.35
0.36	0.94	-0.35
0.36	0.93	-0.35
0.37	0.93	-0.36
0.37	0.93	-0.36
0.37	0.93	-0.36
0.38	0.93	-0.37
0.38	0.93	-0.37
0.38	0.93	-0.37
0.39	0.93	-0.38
0.39	0.93	-0.38
0.39	0.92	-0.38
0.4	0.92	-0.38
0.4	0.92	-0.39
0.4	0.92	-0.39
0.41	0.92	-0.39
0.41	0.92	-0.4
0.41	0.92	-0.4
0.41	0.92	-0.4
0.42	0.91	-0.4
0.42	0.91	-0.41
0.42	0.91	-0.41
0.43	0.91	-0.41
0.43	0.91	-0.42
0.43	0.91	-0.42
0.44	0.91	-0.42
0.44	0.9	-0.42
0.44	0.9	-0.43
0.45	0.9	-0.43
0.45	0.9	-0.43
0.45	0.9	-0.44
0.46	0.9	-0.44
0.46	0.9	-0.44
0.46	0.9	-0.44
0.46	0.89	-0.45
0.47	0.89	-0.45
0.47	0.89	-0.45
0.47	0.89	-0.46
0.48	0.89	-0.46
0.48	0.89	-0.46
0.48	0.89	-0.46
0.49	0.88	-0.47
0.49	0.88	-0.47
0.49	0.88	-0.47
0.5	0.88	-0.47
0.5	0.88	-0.48
0.5	0.88	-0.48
0.51	0.87	-0.48
0.51	0.87	-0.49
0.51	0.87	-0.49
0.51	0.87	-0.49
0.52	0.87	-0.49
0.52	0.87	-0.5
0.52	0.87	-0.5
0.53	0.86	-0.5
0.53	0.86	-0.5
0.53	0.86	-0.51
0.54	0.86	-0.51
0.54	0.86	-0.51
0.54	0.86	-0.52
0.55	0.85	-0.52
0.55	0.85	-0.52
0.55	0.85	-0.52
0.56	0.85	-0.53
0.56	0.85	-0.53
0.56	0.85	-0.53
0.57	0.84	-0.53
0.57	0.84	-0.54
0.57	0.84	-0.54
0.57	0.84	-0.54
0.58	0.84	-0.54
0.58	0.84	-0.55
0.58	0.83	-0.55
0.59	0.83	-0.55
0.59	0.83	-0.56
0.59	0.83	-0.56
0.6	0.83	-0.56
0.6	0.83	-0.56
0.6	0.82	-0.57
0.61	0.82	-0.57
0.61	0.82	-0.57
0.61	0.82	-0.57
0.62	0.82	-0.58
0.62	0.81	-0.58
0.62	0.81	-0.58
0.62	0.81	-0.58
0.63	0.81	-0.59
0.63	0.81	-0.59
0.63	0.81	-0.59
0.64	0.8	-0.59
0.64	0.8	-0.6
0.64	0.8	-0.6
0.65	0.8	-0.6
0.65	0.8	-0.6
0.65	0.79	-0.61
0.66	0.79	-0.61
0.66	0.79	-0.61
0.66	0.79	-0.61
0.67	0.79	-0.62
0.67	0.78	-0.62
0.67	0.78	-0.62
0.68	0.78	-0.62
0.68	0.78	-0.63
0.68	0.78	-0.63
0.68	0.77	-0.63
0.69	0.77	-0.63
0.69	0.77	-0.64
0.69	0.77	-0.64
0.7	0.77	-0.64
0.7	0.76	-0.64
0.7	0.76	-0.65
0.71	0.76	-0.65
0.71	0.76	-0.65
0.71	0.76	-0.65
0.72	0.75	-0.66
0.72	0.75	-0.66
0.72	0.75	-0.66
0.73	0.75	-0.66
0.73	0.75	-0.66
0.73	0.74	-0.67
0.73	0.74	-0.67
0.74	0.74	-0.67
0.74	0.74	-0.67
0.74	0.74	-0.68
0.75	0.73	-0.68
0.75	0.73	-0.68
0.75	0.73	-0.68
0.76	0.73	-0.69
0.76	0.72	-0.69
0.76	0.72	-0.69
0.77	0.72	-0.69
0.77	0.72	-0.69
0.77	0.72	-0.7
0.78	0.71	-0.7
0.78	0.71	-0.7
0.78	0.71	-0.7
0.79	0.71	-0.71
0.79	0.71	-0.71
0.79	0.7	-0.71
0.79	0.7	-0.71
0.8	0.7	-0.71
0.8	0.7	-0.72
0.8	0.69	-0.72
0.81	0.69	-0.72
0.81	0.69	-0.72
0.81	0.69	-0.73
0.82	0.68	-0.73
0.82	0.68	-0.73
0.82	0.68	-0.73
0.83	0.68	-0.73
0.83	0.68	-0.74
0.83	0.67	-0.74
0.84	0.67	-0.74
0.84	0.67	-0.74
0.84	0.67	-0.74
0.84	0.66	-0.75
0.85	0.66	-0.75
0.85	0.66	-0.75
0.85	0.66	-0.75
0.86	0.65	-0.75
0.86	0.65	-0.76
0.86	0.65	-0.76
0.87	0.65	-0.76
0.87	0.64	-0.76
0.87	0.64	-0.77
0.88	0.64	-0.77
0.88	0.64	-0.77
0.88	0.64	-0.77
0.89	0.63	-0.77
0.89	0.63	-0.78
0.89	0.63	-0.78
0.89	0.63	-0.78
0.9	0.62	-0.78
0.9	0.62	-0.78
0.9	0.62	-0.79
0.91	0.62	-0.79
0.91	0.61	-0.79
0.91	0.61	-0.79
0.92	0.61	-0.79
0.92	0.61	-0.79
0.92	0.6	-0.8
0.93	0.6	-0.8
0.93	0.6	-0.8
0.93	0.6	-0.8
0.94	0.59	-0.8
0.94	0.59	-0.81
0.94	0.59	-0.81
0.95	0.59	-0.81
0.95	0.58	-0.81
0.95	0.58	-0.81
0.95	0.58	-0.82
0.96	0.58	-0.82
0.96	0.57	-0.82
0.96	0.57	-0.82
0.97	0.57	-0.82
0.97	0.57	-0.82
0.97	0.56	-0.83
0.98	0.56	-0.83
0.98	0.56	-0.83
0.98	0.55	-0.83
0.99	0.55	-0.83
0.99	0.55	-0.83
0.99	0.55	-0.84
1	0.54	-0.84
1	0.54	-0.84
1	0.54	-0.84
1	0.54	-0.84
1.01	0.53	-0.84
1.01	0.53	-0.85
1.01	0.53	-0.85
1.02	0.53	-0.85
1.02	0.52	-0.85
1.02	0.52	-0.85
1.03	0.52	-0.85
1.03	0.51	-0.86
1.03	0.51	-0.86
1.04	0.51	-0.86
1.04	0.51	-0.86
1.04	0.5	-0.86
1.05	0.5	-0.86
1.05	0.5	-0.87
1.05	0.5	-0.87
1.06	0.49	-0.87
1.06	0.49	-0.87
1.06	0.49	-0.87
1.06	0.48	-0.87
1.07	0.48	-0.88
1.07	0.48	-0.88
1.07	0.48	-0.88
1.08	0.47	-0.88
1.08	0.47	-0.88
1.08	0.47	-0.88
1.09	0.47	-0.88
1.09	0.46	-0.89
1.09	0.46	-0.89
1.1	0.46	-0.89
1.1	0.45	-0.89
1.1	0.45	-0.89
1.11	0.45	-0.89
1.11	0.45	-0.89
1.11	0.44	-0.9
1.11	0.44	-0.9
1.12	0.44	-0.9
1.12	0.43	-0.9
1.12	0.43	-0.9
1.13	0.43	-0.9
1.13	0.43	-0.9
1.13	0.42	-0.91
1.14	0.42	-0.91
1.14	0.42	-0.91
1.14	0.41	-0.91
1.15	0.41	-0.91
1.15	0.41	-0.91
1.15	0.41	-0.91
1.16	0.4	-0.91
1.16	0.4	-0.92
1.16	0.4	-0.92
1.16	0.39	-0.92
1.17	0.39	-0.92
1.17	0.39	-0.92
1.17	0.39	-0.92
1.18	0.38	-0.92
1.18	0.38	-0.92
1.18	0.38	-0.93
1.19	0.37	-0.93
1.19	0.37	-0.93
1.19	0.37	-0.93
1.2	0.37	-0.93
1.2	0.36	-0.93
1.2	0.36	-0.93
1.21	0.36	-0.93
1.21	0.35	-0.93
1.21	0.35	-0.94
1.22	0.35	-0.94
1.22	0.35	-0.94
1.22	0.34	-0.94
1.22	0.34	-0.94
1.23	0.34	-0.94
1.23	0.33	-0.94
1.23	0.33	-0.94
1.24	0.33	-0.94
1.24	0.32	-0.95
1.24	0.32	-0.95
1.25	0.32	-0.95
1.25	0.32	-0.95
1.25	0.31	-0.95
1.26	0.31	-0.95
1.26	0.31	-0.95
1.26	0.3	-0.95
1.27	0.3	-0.95
1.27	0.3	-0.95
1.27	0.29	-0.96
1.27	0.29	-0.96
1.28	0.29	-0.96
1.28	0.29	-0.96
1.28	0.28	-0.96
1.29	0.28	-0.96
1.29	0.28	-0.96
1.29	0.27	-0.96
1.3	0.27	-0.96
1.3	0.27	-0.96
1.3	0.26	-0.96
1.31	0.26	-0.96
1.31	0.26	-0.97
1.31	0.26	-0.97
1.32	0.25	-0.97
1.32	0.25	-0.97
1.32	0.25	-0.97
1.33	0.24	-0.97
1.33	0.24	-0.97
1.33	0.24	-0.97
1.33	0.23	-0.97
1.34	0.23	-0.97
1.34	0.23	-0.97
1.34	0.22	-0.97
1.35	0.22	-0.97
1.35	0.22	-0.98
1.35	0.22	-0.98
1.36	0.21	-0.98
1.36	0.21	-0.98
1.36	0.21	-0.98
1.37	0.2	-0.98
1.37	0.2	-0.98
1.37	0.2	-0.98
1.38	0.19	-0.98
1.38	0.19	-0.98
1.38	0.19	-0.98
1.38	0.18	-0.98
1.39	0.18	-0.98
1.39	0.18	-0.98
1.39	0.18	-0.98
1.4	0.17	-0.98
1.4	0.17	-0.99
1.4	0.17	-0.99
1.41	0.16	-0.99
1.41	0.16	-0.99
1.41	0.16	-0.99
1.42	0.15	-0.99
1.42	0.15	-0.99
1.42	0.15	-0.99
1.43	0.14	-0.99
1.43	0.14	-0.99
1.43	0.14	-0.99
1.43	0.14	-0.99
1.44	0.13	-0.99
1.44	0.13	-0.99
1.44	0.13	-0.99
1.45	0.12	-0.99
1.45	0.12	-0.99
1.45	0.12	-0.99
1.46	0.11	-0.99
1.46	0.11	-0.99
1.46	0.11	-0.99
1.47	0.1	-0.99
1.47	0.1	-0.99
1.47	0.1	-1
1.48	0.09	-1
1.48	0.09	-1
1.48	0.09	-1
1.49	0.09	-1
1.49	0.08	-1
1.49	0.08	-1
1.49	0.08	-1
1.5	0.07	-1
1.5	0.07	-1
1.5	0.07	-1
1.51	0.06	-1
1.51	0.06	-1
1.51	0.06	-1
1.52	0.05	-1
1.52	0.05	-1
1.52	0.05	-1
1.53	0.04	-1
1.53	0.04	-1
1.53	0.04	-1
1.54	0.04	-1
1.54	0.03	-1
1.54	0.03	-1
1.54	0.03	-1
1.55	0.02	-1
1.55	0.02	-1
1.55	0.02	-1
1.56	0.01	-1
1.56	0.01	-1
1.56	0.01	-1
1.57	0	-1
1.57	0	-1
1.57	0	-1
1.58	-0.01	-1
1.58	-0.01	-1
1.58	-0.01	-1
1.59	-0.01	-1
1.59	-0.02	-1
1.59	-0.02	-1
1.6	-0.02	-1
1.6	-0.03	-1
1.6	-0.03	-1
1.6	-0.03	-1
1.61	-0.04	-1
1.61	-0.04	-1
1.61	-0.04	-1
1.62	-0.05	-1
1.62	-0.05	-1
1.62	-0.05	-1
1.63	-0.06	-1
1.63	-0.06	-1
1.63	-0.06	-1
1.64	-0.07	-1
1.64	-0.07	-1
1.64	-0.07	-1
1.65	-0.07	-1
1.65	-0.08	-1
1.65	-0.08	-1
1.65	-0.08	-1
1.66	-0.09	-1
1.66	-0.09	-1
1.66	-0.09	-1
1.67	-0.1	-1
1.67	-0.1	-1
1.67	-0.1	-0.99
1.68	-0.11	-0.99
1.68	-0.11	-0.99
1.68	-0.11	-0.99
1.69	-0.12	-0.99
1.69	-0.12	-0.99
1.69	-0.12	-0.99
1.7	-0.12	-0.99
1.7	-0.13	-0.99
1.7	-0.13	-0.99
1.71	-0.13	-0.99
1.71	-0.14	-0.99
1.71	-0.14	-0.99
1.71	-0.14	-0.99
1.72	-0.15	-0.99
1.72	-0.15	-0.99
1.72	-0.15	-0.99
1.73	-0.16	-0.99
1.73	-0.16	-0.99
1.73	-0.16	-0.99
1.74	-0.16	-0.99
1.74	-0.17	-0.99
1.74	-0.17	-0.99
1.75	-0.17	-0.98
1.75	-0.18	-0.98
1.75	-0.18	-0.98
1.76	-0.18	-0.98
1.76	-0.19	-0.98
1.76	-0.19	-0.98
1.76	-0.19	-0.98
1.77	-0.2	-0.98
1.77	-0.2	-0.98
1.77	-0.2	-0.98
1.78	-0.2	-0.98
1.78	-0.21	-0.98
1.78	-0.21	-0.98
1.79	-0.21	-0.98
1.79	-0.22	-0.98
1.79	-0.22	-0.98
1.8	-0.22	-0.98
1.8	-0.23	-0.97
1.8	-0.23	-0.97
1.81	-0.23	-0.97
1.81	-0.24	-0.97
1.81	-0.24	-0.97
1.81	-0.24	-0.97
1.82	-0.24	-0.97
1.82	-0.25	-0.97
1.82	-0.25	-0.97
1.83	-0.25	-0.97
1.83	-0.26	-0.97
1.83	-0.26	-0.97
1.84	-0.26	-0.97
1.84	-0.27	-0.96
1.84	-0.27	-0.96
1.85	-0.27	-0.96
1.85	-0.28	-0.96
1.85	-0.28	-0.96
1.86	-0.28	-0.96
1.86	-0.28	-0.96
1.86	-0.29	-0.96
1.87	-0.29	-0.96
1.87	-0.29	-0.96
1.87	-0.3	-0.96
1.87	-0.3	-0.95
1.88	-0.3	-0.95
1.88	-0.31	-0.95
1.88	-0.31	-0.95
1.89	-0.31	-0.95
1.89	-0.31	-0.95
1.89	-0.32	-0.95
1.9	-0.32	-0.95
1.9	-0.32	-0.95
1.9	-0.33	-0.95
1.91	-0.33	-0.94
1.91	-0.33	-0.94
1.91	-0.33	-0.94
1.92	-0.34	-0.94
1.92	-0.34	-0.94
1.92	-0.34	-0.94
1.92	-0.35	-0.94
1.93	-0.35	-0.94
1.93	-0.35	-0.94
1.93	-0.36	-0.94
1.94	-0.36	-0.93
1.94	-0.36	-0.93
1.94	-0.36	-0.93
1.95	-0.37	-0.93
1.95	-0.37	-0.93
1.95	-0.37	-0.93
1.96	-0.38	-0.93
1.96	-0.38	-0.93
1.96	-0.38	-0.92
1.97	-0.38	-0.92
1.97	-0.39	-0.92
1.97	-0.39	-0.92
1.98	-0.39	-0.92
1.98	-0.4	-0.92
1.98	-0.4	-0.92
1.98	-0.4	-0.92
1.99	-0.4	-0.92
1.99	-0.41	-0.91
1.99	-0.41	-0.91
2	-0.41	-0.91
2	-0.42	-0.91
2	-0.42	-0.91
2.01	-0.42	-0.91
2.01	-0.42	-0.91
2.01	-0.43	-0.9
2.02	-0.43	-0.9
2.02	-0.43	-0.9
2.02	-0.44	-0.9
2.03	-0.44	-0.9
2.03	-0.44	-0.9
2.03	-0.44	-0.9
2.03	-0.45	-0.9
2.04	-0.45	-0.89
2.04	-0.45	-0.89
2.04	-0.46	-0.89
2.05	-0.46	-0.89
2.05	-0.46	-0.89
2.05	-0.46	-0.89
2.06	-0.47	-0.88
2.06	-0.47	-0.88
2.06	-0.47	-0.88
2.07	-0.48	-0.88
2.07	-0.48	-0.88
2.07	-0.48	-0.88
2.08	-0.48	-0.88
2.08	-0.49	-0.87
2.08	-0.49	-0.87
2.08	-0.49	-0.87
2.09	-0.49	-0.87
2.09	-0.5	-0.87
2.09	-0.5	-0.87
2.1	-0.5	-0.87
2.1	-0.51	-0.86
2.1	-0.51	-0.86
2.11	-0.51	-0.86
2.11	-0.51	-0.86
2.11	-0.52	-0.86
2.12	-0.52	-0.86
2.12	-0.52	-0.85
2.12	-0.52	-0.85
2.13	-0.53	-0.85
2.13	-0.53	-0.85
2.13	-0.53	-0.85
2.14	-0.53	-0.85
2.14	-0.54	-0.84
2.14	-0.54	-0.84
2.14	-0.54	-0.84
2.15	-0.55	-0.84
2.15	-0.55	-0.84
2.15	-0.55	-0.84
2.16	-0.55	-0.83
2.16	-0.56	-0.83
2.16	-0.56	-0.83
2.17	-0.56	-0.83
2.17	-0.56	-0.83
2.17	-0.57	-0.83
2.18	-0.57	-0.82
2.18	-0.57	-0.82
2.18	-0.57	-0.82
2.19	-0.58	-0.82
2.19	-0.58	-0.82
2.19	-0.58	-0.81
2.19	-0.58	-0.81
2.2	-0.59	-0.81
2.2	-0.59	-0.81
2.2	-0.59	-0.81
2.21	-0.59	-0.81
2.21	-0.6	-0.8
2.21	-0.6	-0.8
2.22	-0.6	-0.8
2.22	-0.6	-0.8
2.22	-0.61	-0.8
2.23	-0.61	-0.79
2.23	-0.61	-0.79
2.23	-0.61	-0.79
2.24	-0.62	-0.79
2.24	-0.62	-0.79
2.24	-0.62	-0.78
2.25	-0.62	-0.78
2.25	-0.63	-0.78
2.25	-0.63	-0.78
2.25	-0.63	-0.78
2.26	-0.63	-0.77
2.26	-0.64	-0.77
2.26	-0.64	-0.77
2.27	-0.64	-0.77
2.27	-0.64	-0.77
2.27	-0.65	-0.76
2.28	-0.65	-0.76
2.28	-0.65	-0.76
2.28	-0.65	-0.76
2.29	-0.66	-0.76
2.29	-0.66	-0.75
2.29	-0.66	-0.75
2.3	-0.66	-0.75
2.3	-0.67	-0.75
2.3	-0.67	-0.75
2.3	-0.67	-0.74
2.31	-0.67	-0.74
2.31	-0.67	-0.74
2.31	-0.68	-0.74
2.32	-0.68	-0.74
2.32	-0.68	-0.73
2.32	-0.68	-0.73
2.33	-0.69	-0.73
2.33	-0.69	-0.73
2.33	-0.69	-0.72
2.34	-0.69	-0.72
2.34	-0.7	-0.72
2.34	-0.7	-0.72
2.35	-0.7	-0.72
2.35	-0.7	-0.71
2.35	-0.7	-0.71
2.36	-0.71	-0.71
2.36	-0.71	-0.71
2.36	-0.71	-0.7
2.36	-0.71	-0.7
2.37	-0.72	-0.7
2.37	-0.72	-0.7
2.37	-0.72	-0.7
2.38	-0.72	-0.69
2.38	-0.72	-0.69
2.38	-0.73	-0.69
2.39	-0.73	-0.69
2.39	-0.73	-0.68
2.39	-0.73	-0.68
2.4	-0.73	-0.68
2.4	-0.74	-0.68
2.4	-0.74	-0.68
2.41	-0.74	-0.67
2.41	-0.74	-0.67
2.41	-0.75	-0.67
2.41	-0.75	-0.67
2.42	-0.75	-0.66
2.42	-0.75	-0.66
2.42	-0.75	-0.66
2.43	-0.76	-0.66
2.43	-0.76	-0.65
2.43	-0.76	-0.65
2.44	-0.76	-0.65
2.44	-0.76	-0.65
2.44	-0.77	-0.64
2.45	-0.77	-0.64
2.45	-0.77	-0.64
2.45	-0.77	-0.64
2.46	-0.77	-0.63
2.46	-0.78	-0.63
2.46	-0.78	-0.63
2.46	-0.78	-0.63
2.47	-0.78	-0.62
2.47	-0.78	-0.62
2.47	-0.79	-0.62
2.48	-0.79	-0.62
2.48	-0.79	-0.62
2.48	-0.79	-0.61
2.49	-0.79	-0.61
2.49	-0.8	-0.61
2.49	-0.8	-0.61
2.5	-0.8	-0.6
2.5	-0.8	-0.6
2.5	-0.8	-0.6
2.51	-0.8	-0.6
2.51	-0.81	-0.59
2.51	-0.81	-0.59
2.52	-0.81	-0.59
2.52	-0.81	-0.59
2.52	-0.81	-0.58
2.52	-0.82	-0.58
2.53	-0.82	-0.58
2.53	-0.82	-0.57
2.53	-0.82	-0.57
2.54	-0.82	-0.57
2.54	-0.82	-0.57
2.54	-0.83	-0.56
2.55	-0.83	-0.56
2.55	-0.83	-0.56
2.55	-0.83	-0.56
2.56	-0.83	-0.55
2.56	-0.84	-0.55
2.56	-0.84	-0.55
2.57	-0.84	-0.55
2.57	-0.84	-0.54
2.57	-0.84	-0.54
2.57	-0.84	-0.54
2.58	-0.85	-0.54
2.58	-0.85	-0.53
2.58	-0.85	-0.53
2.59	-0.85	-0.53
2.59	-0.85	-0.52
2.59	-0.85	-0.52
2.6	-0.86	-0.52
2.6	-0.86	-0.52
2.6	-0.86	-0.51
2.61	-0.86	-0.51
2.61	-0.86	-0.51
2.61	-0.86	-0.51
2.62	-0.86	-0.5
2.62	-0.87	-0.5
2.62	-0.87	-0.5
2.63	-0.87	-0.5
2.63	-0.87	-0.49
2.63	-0.87	-0.49
2.63	-0.87	-0.49
2.64	-0.88	-0.48
2.64	-0.88	-0.48
2.64	-0.88	-0.48
2.65	-0.88	-0.48
2.65	-0.88	-0.47
2.65	-0.88	-0.47
2.66	-0.88	-0.47
2.66	-0.89	-0.46
2.66	-0.89	-0.46
2.67	-0.89	-0.46
2.67	-0.89	-0.46
2.67	-0.89	-0.45
2.68	-0.89	-0.45
2.68	-0.89	-0.45
2.68	-0.9	-0.45
2.68	-0.9	-0.44
2.69	-0.9	-0.44
2.69	-0.9	-0.44
2.69	-0.9	-0.43
2.7	-0.9	-0.43
2.7	-0.9	-0.43
2.7	-0.91	-0.43
2.71	-0.91	-0.42
2.71	-0.91	-0.42
2.71	-0.91	-0.42
2.72	-0.91	-0.41
2.72	-0.91	-0.41
2.72	-0.91	-0.41
2.73	-0.91	-0.41
2.73	-0.92	-0.4
2.73	-0.92	-0.4
2.73	-0.92	-0.4
2.74	-0.92	-0.39
2.74	-0.92	-0.39
2.74	-0.92	-0.39
2.75	-0.92	-0.39
2.75	-0.92	-0.38
2.75	-0.93	-0.38
2.76	-0.93	-0.38
2.76	-0.93	-0.37
2.76	-0.93	-0.37
2.77	-0.93	-0.37
2.77	-0.93	-0.37
2.77	-0.93	-0.36
2.78	-0.93	-0.36
2.78	-0.93	-0.36
2.78	-0.94	-0.35
2.79	-0.94	-0.35
2.79	-0.94	-0.35
2.79	-0.94	-0.34
2.79	-0.94	-0.34
2.8	-0.94	-0.34
2.8	-0.94	-0.34
2.8	-0.94	-0.33
2.81	-0.94	-0.33
2.81	-0.95	-0.33
2.81	-0.95	-0.32
2.82	-0.95	-0.32
2.82	-0.95	-0.32
2.82	-0.95	-0.31
2.83	-0.95	-0.31
2.83	-0.95	-0.31
2.83	-0.95	-0.31
2.84	-0.95	-0.3
2.84	-0.95	-0.3
2.84	-0.96	-0.3
2.84	-0.96	-0.29
2.85	-0.96	-0.29
2.85	-0.96	-0.29
2.85	-0.96	-0.28
2.86	-0.96	-0.28
2.86	-0.96	-0.28
2.86	-0.96	-0.28
2.87	-0.96	-0.27
2.87	-0.96	-0.27
2.87	-0.96	-0.27
2.88	-0.97	-0.26
2.88	-0.97	-0.26
2.88	-0.97	-0.26
2.89	-0.97	-0.25
2.89	-0.97	-0.25
2.89	-0.97	-0.25
2.9	-0.97	-0.25
2.9	-0.97	-0.24
2.9	-0.97	-0.24
2.9	-0.97	-0.24
2.91	-0.97	-0.23
2.91	-0.97	-0.23
2.91	-0.97	-0.23
2.92	-0.97	-0.22
2.92	-0.98	-0.22
2.92	-0.98	-0.22
2.93	-0.98	-0.21
2.93	-0.98	-0.21
2.93	-0.98	-0.21
2.94	-0.98	-0.21
2.94	-0.98	-0.2
2.94	-0.98	-0.2
2.95	-0.98	-0.2
2.95	-0.98	-0.19
2.95	-0.98	-0.19
2.95	-0.98	-0.19
2.96	-0.98	-0.18
2.96	-0.98	-0.18
2.96	-0.98	-0.18
2.97	-0.98	-0.17
2.97	-0.99	-0.17
2.97	-0.99	-0.17
2.98	-0.99	-0.17
2.98	-0.99	-0.16
2.98	-0.99	-0.16
2.99	-0.99	-0.16
2.99	-0.99	-0.15
2.99	-0.99	-0.15
3	-0.99	-0.15
3	-0.99	-0.14
3	-0.99	-0.14
3	-0.99	-0.14
3.01	-0.99	-0.13
3.01	-0.99	-0.13
3.01	-0.99	-0.13
3.02	-0.99	-0.13
3.02	-0.99	-0.12
3.02	-0.99	-0.12
3.03	-0.99	-0.12
3.03	-0.99	-0.11
3.03	-0.99	-0.11
3.04	-0.99	-0.11
3.04	-0.99	-0.1
3.04	-1	-0.1
3.05	-1	-0.1
3.05	-1	-0.09
3.05	-1	-0.09
3.06	-1	-0.09
3.06	-1	-0.08
3.06	-1	-0.08
3.06	-1	-0.08
3.07	-1	-0.08
3.07	-1	-0.07
3.07	-1	-0.07
3.08	-1	-0.07
3.08	-1	-0.06
3.08	-1	-0.06
3.09	-1	-0.06
3.09	-1	-0.05
3.09	-1	-0.05
3.1	-1	-0.05
3.1	-1	-0.04
3.1	-1	-0.04
3.11	-1	-0.04
3.11	-1	-0.03
3.11	-1	-0.03
3.11	-1	-0.03
3.12	-1	-0.03
3.12	-1	-0.02
3.12	-1	-0.02
3.13	-1	-0.02
3.13	-1	-0.01
3.13	-1	-0.01
3.14	-1	-0.01
