x	f(x)	f'(x)
80.00	6400.00	0.00
80.01	6401.60	160.01
80.02	6403.20	160.03
80.03	6404.80	160.05
80.04	6406.40	160.07
80.05	6408.00	160.09
80.06	6409.60	160.11
80.07	6411.20	160.13
80.08	6412.81	160.15
80.09	6414.41	160.17
80.10	6416.01	160.19
80.11	6417.61	160.21
80.12	6419.21	160.23
80.13	6420.82	160.25
80.14	6422.42	160.27
80.15	6424.02	160.29
80.16	6425.63	160.31
80.17	6427.23	160.33
80.18	6428.83	160.35
80.19	6430.44	160.37
80.20	6432.04	160.39
80.21	6433.64	160.41
80.22	6435.25	160.43
80.23	6436.85	160.45
80.24	6438.46	160.47
80.25	6440.06	160.49
80.26	6441.67	160.51
80.27	6443.27	160.53
80.28	6444.88	160.55
80.29	6446.48	160.57
80.30	6448.09	160.59
80.31	6449.70	160.61
80.32	6451.30	160.63
80.33	6452.91	160.65
80.34	6454.52	160.67
80.35	6456.12	160.69
80.36	6457.73	160.71
80.37	6459.34	160.73
80.38	6460.94	160.75
80.39	6462.55	160.77
80.40	6464.16	160.79
80.41	6465.77	160.81
80.42	6467.38	160.83
80.43	6468.98	160.85
80.44	6470.59	160.87
80.45	6472.20	160.89
80.46	6473.81	160.91
80.47	6475.42	160.93
80.48	6477.03	160.95
80.49	6478.64	160.97
80.50	6480.25	160.99
80.51	6481.86	161.01
80.52	6483.47	161.03
80.53	6485.08	161.05
80.54	6486.69	161.07
80.55	6488.30	161.09
80.56	6489.91	161.11
80.57	6491.52	161.13
80.58	6493.14	161.15
80.59	6494.75	161.17
80.60	6496.36	161.19
80.61	6497.97	161.21
80.62	6499.58	161.23
80.63	6501.20	161.25
80.64	6502.81	161.27
80.65	6504.42	161.29
80.66	6506.04	161.31
80.67	6507.65	161.33
80.68	6509.26	161.35
80.69	6510.88	161.37
80.70	6512.49	161.39
80.71	6514.10	161.41
80.72	6515.72	161.43
80.73	6517.33	161.45
80.74	6518.95	161.47
80.75	6520.56	161.49
80.76	6522.18	161.51
80.77	6523.79	161.53
80.78	6525.41	161.55
80.79	6527.02	161.57
80.80	6528.64	161.59
80.81	6530.26	161.61
80.82	6531.87	161.63
80.83	6533.49	161.65
80.84	6535.11	161.67
80.85	6536.72	161.69
80.86	6538.34	161.71
80.87	6539.96	161.73
80.88	6541.57	161.75
80.89	6543.19	161.77
80.90	6544.81	161.79
80.91	6546.43	161.81
80.92	6548.05	161.83
80.93	6549.66	161.85
80.94	6551.28	161.87
80.95	6552.90	161.89
80.96	6554.52	161.91
80.97	6556.14	161.93
80.98	6557.76	161.95
80.99	6559.38	161.97
81.00	6561.00	161.99
81.01	6562.62	162.01
81.02	6564.24	162.03
81.03	6565.86	162.05
81.04	6567.48	162.07
81.05	6569.10	162.09
81.06	6570.72	162.11
81.07	6572.34	162.13
81.08	6573.97	162.15
81.09	6575.59	162.17
81.10	6577.21	162.19
81.11	6578.83	162.21
81.12	6580.45	162.23
81.13	6582.08	162.25
81.14	6583.70	162.27
81.15	6585.32	162.29
81.16	6586.95	162.31
81.17	6588.57	162.33
81.18	6590.19	162.35
81.19	6591.82	162.37
81.20	6593.44	162.39
81.21	6595.06	162.41
81.22	6596.69	162.43
81.23	6598.31	162.45
81.24	6599.94	162.47
81.25	6601.56	162.49
81.26	6603.19	162.51
81.27	6604.81	162.53
81.28	6606.44	162.55
81.29	6608.06	162.57
81.30	6609.69	162.59
81.31	6611.32	162.61
81.32	6612.94	162.63
81.33	6614.57	162.65
81.34	6616.20	162.67
81.35	6617.82	162.69
81.36	6619.45	162.71
81.37	6621.08	162.73
81.38	6622.70	162.75
81.39	6624.33	162.77
81.40	6625.96	162.79
81.41	6627.59	162.81
81.42	6629.22	162.83
81.43	6630.84	162.85
81.44	6632.47	162.87
81.45	6634.10	162.89
81.46	6635.73	162.91
81.47	6637.36	162.93
81.48	6638.99	162.95
81.49	6640.62	162.97
81.50	6642.25	162.99
81.51	6643.88	163.01
81.52	6645.51	163.03
81.53	6647.14	163.05
81.54	6648.77	163.07
81.55	6650.40	163.09
81.56	6652.03	163.11
81.57	6653.66	163.13
81.58	6655.30	163.15
81.59	6656.93	163.17
81.60	6658.56	163.19
81.61	6660.19	163.21
81.62	6661.82	163.23
81.63	6663.46	163.25
81.64	6665.09	163.27
81.65	6666.72	163.29
81.66	6668.36	163.31
81.67	6669.99	163.33
81.68	6671.62	163.35
81.69	6673.26	163.37
81.70	6674.89	163.39
81.71	6676.52	163.41
81.72	6678.16	163.43
81.73	6679.79	163.45
81.74	6681.43	163.47
81.75	6683.06	163.49
81.76	6684.70	163.51
81.77	6686.33	163.53
81.78	6687.97	163.55
81.79	6689.60	163.57
81.80	6691.24	163.59
81.81	6692.88	163.61
81.82	6694.51	163.63
81.83	6696.15	163.65
81.84	6697.79	163.67
81.85	6699.42	163.69
81.86	6701.06	163.71
81.87	6702.70	163.73
81.88	6704.33	163.75
81.89	6705.97	163.77
81.90	6707.61	163.79
81.91	6709.25	163.81
81.92	6710.89	163.83
81.93	6712.52	163.85
81.94	6714.16	163.87
81.95	6715.80	163.89
81.96	6717.44	163.91
81.97	6719.08	163.93
81.98	6720.72	163.95
81.99	6722.36	163.97
82.00	6724.00	163.99
82.01	6725.64	164.01
82.02	6727.28	164.03
82.03	6728.92	164.05
82.04	6730.56	164.07
82.05	6732.20	164.09
82.06	6733.84	164.11
82.07	6735.48	164.13
82.08	6737.13	164.15
82.09	6738.77	164.17
82.10	6740.41	164.19
82.11	6742.05	164.21
82.12	6743.69	164.23
82.13	6745.34	164.25
82.14	6746.98	164.27
82.15	6748.62	164.29
82.16	6750.27	164.31
82.17	6751.91	164.33
82.18	6753.55	164.35
82.19	6755.20	164.37
82.20	6756.84	164.39
82.21	6758.48	164.41
82.22	6760.13	164.43
82.23	6761.77	164.45
82.24	6763.42	164.47
82.25	6765.06	164.49
82.26	6766.71	164.51
82.27	6768.35	164.53
82.28	6770.00	164.55
82.29	6771.64	164.57
82.30	6773.29	164.59
82.31	6774.94	164.61
82.32	6776.58	164.63
82.33	6778.23	164.65
82.34	6779.88	164.67
82.35	6781.52	164.69
82.36	6783.17	164.71
82.37	6784.82	164.73
82.38	6786.46	164.75
82.39	6788.11	164.77
82.40	6789.76	164.79
82.41	6791.41	164.81
82.42	6793.06	164.83
82.43	6794.70	164.85
82.44	6796.35	164.87
82.45	6798.00	164.89
82.46	6799.65	164.91
82.47	6801.30	164.93
82.48	6802.95	164.95
82.49	6804.60	164.97
82.50	6806.25	164.99
82.51	6807.90	165.01
82.52	6809.55	165.03
82.53	6811.20	165.05
82.54	6812.85	165.07
82.55	6814.50	165.09
82.56	6816.15	165.11
82.57	6817.80	165.13
82.58	6819.46	165.15
82.59	6821.11	165.17
82.60	6822.76	165.19
82.61	6824.41	165.21
82.62	6826.06	165.23
82.63	6827.72	165.25
82.64	6829.37	165.27
82.65	6831.02	165.29
82.66	6832.68	165.31
82.67	6834.33	165.33
82.68	6835.98	165.35
82.69	6837.64	165.37
82.70	6839.29	165.39
82.71	6840.94	165.41
82.72	6842.60	165.43
82.73	6844.25	165.45
82.74	6845.91	165.47
82.75	6847.56	165.49
82.76	6849.22	165.51
82.77	6850.87	165.53
82.78	6852.53	165.55
82.79	6854.18	165.57
82.80	6855.84	165.59
82.81	6857.50	165.61
82.82	6859.15	165.63
82.83	6860.81	165.65
82.84	6862.47	165.67
82.85	6864.12	165.69
82.86	6865.78	165.71
82.87	6867.44	165.73
82.88	6869.09	165.75
82.89	6870.75	165.77
82.90	6872.41	165.79
82.91	6874.07	165.81
82.92	6875.73	165.83
82.93	6877.38	165.85
82.94	6879.04	165.87
82.95	6880.70	165.89
82.96	6882.36	165.91
82.97	6884.02	165.93
82.98	6885.68	165.95
82.99	6887.34	165.97
83.00	6889.00	165.99
83.01	6890.66	166.01
83.02	6892.32	166.03
83.03	6893.98	166.05
83.04	6895.64	166.07
83.05	6897.30	166.09
83.06	6898.96	166.11
83.07	6900.62	166.13
83.08	6902.29	166.15
83.09	6903.95	166.17
83.10	6905.61	166.19
83.11	6907.27	166.21
83.12	6908.93	166.23
83.13	6910.60	166.25
83.14	6912.26	166.27
83.15	6913.92	166.29
83.16	6915.59	166.31
83.17	6917.25	166.33
83.18	6918.91	166.35
83.19	6920.58	166.37
83.20	6922.24	166.39
83.21	6923.90	166.41
83.22	6925.57	166.43
83.23	6927.23	166.45
83.24	6928.90	166.47
83.25	6930.56	166.49
83.26	6932.23	166.51
83.27	6933.89	166.53
83.28	6935.56	166.55
83.29	6937.22	166.57
83.30	6938.89	166.59
83.31	6940.56	166.61
83.32	6942.22	166.63
83.33	6943.89	166.65
83.34	6945.56	166.67
83.35	6947.22	166.69
83.36	6948.89	166.71
83.37	6950.56	166.73
83.38	6952.22	166.75
83.39	6953.89	166.77
83.40	6955.56	166.79
83.41	6957.23	166.81
83.42	6958.90	166.83
83.43	6960.56	166.85
83.44	6962.23	166.87
83.45	6963.90	166.89
83.46	6965.57	166.91
83.47	6967.24	166.93
83.48	6968.91	166.95
83.49	6970.58	166.97
83.50	6972.25	166.99
83.51	6973.92	167.01
83.52	6975.59	167.03
83.53	6977.26	167.05
83.54	6978.93	167.07
83.55	6980.60	167.09
83.56	6982.27	167.11
83.57	6983.94	167.13
83.58	6985.62	167.15
83.59	6987.29	167.17
83.60	6988.96	167.19
83.61	6990.63	167.21
83.62	6992.30	167.23
83.63	6993.98	167.25
83.64	6995.65	167.27
83.65	6997.32	167.29
83.66	6999.00	167.31
83.67	7000.67	167.33
83.68	7002.34	167.35
83.69	7004.02	167.37
83.70	7005.69	167.39
83.71	7007.36	167.41
83.72	7009.04	167.43
83.73	7010.71	167.45
83.74	7012.39	167.47
83.75	7014.06	167.49
83.76	7015.74	167.51
83.77	7017.41	167.53
83.78	7019.09	167.55
83.79	7020.76	167.57
83.80	7022.44	167.59
83.81	7024.12	167.61
83.82	7025.79	167.63
83.83	7027.47	167.65
83.84	7029.15	167.67
83.85	7030.82	167.69
83.86	7032.50	167.71
83.87	7034.18	167.73
83.88	7035.85	167.75
83.89	7037.53	167.77
83.90	7039.21	167.79
83.91	7040.89	167.81
83.92	7042.57	167.83
83.93	7044.24	167.85
83.94	7045.92	167.87
83.95	7047.60	167.89
83.96	7049.28	167.91
83.97	7050.96	167.93
83.98	7052.64	167.95
83.99	7054.32	167.97
84.00	7056.00	167.99
84.01	7057.68	168.01
84.02	7059.36	168.03
84.03	7061.04	168.05
84.04	7062.72	168.07
84.05	7064.40	168.09
84.06	7066.08	168.11
84.07	7067.76	168.13
84.08	7069.45	168.15
84.09	7071.13	168.17
84.10	7072.81	168.19
84.11	7074.49	168.21
84.12	7076.17	168.23
84.13	7077.86	168.25
84.14	7079.54	168.27
84.15	7081.22	168.29
84.16	7082.91	168.31
84.17	7084.59	168.33
84.18	7086.27	168.35
84.19	7087.96	168.37
84.20	7089.64	168.39
84.21	7091.32	168.41
84.22	7093.01	168.43
84.23	7094.69	168.45
84.24	7096.38	168.47
84.25	7098.06	168.49
84.26	7099.75	168.51
84.27	7101.43	168.53
84.28	7103.12	168.55
84.29	7104.80	168.57
84.30	7106.49	168.59
84.31	7108.18	168.61
84.32	7109.86	168.63
84.33	7111.55	168.65
84.34	7113.24	168.67
84.35	7114.92	168.69
84.36	7116.61	168.71
84.37	7118.30	168.73
84.38	7119.98	168.75
84.39	7121.67	168.77
84.40	7123.36	168.79
84.41	7125.05	168.81
84.42	7126.74	168.83
84.43	7128.42	168.85
84.44	7130.11	168.87
84.45	7131.80	168.89
84.46	7133.49	168.91
84.47	7135.18	168.93
84.48	7136.87	168.95
84.49	7138.56	168.97
84.50	7140.25	168.99
84.51	7141.94	169.01
84.52	7143.63	169.03
84.53	7145.32	169.05
84.54	7147.01	169.07
84.55	7148.70	169.09
84.56	7150.39	169.11
84.57	7152.08	169.13
84.58	7153.78	169.15
84.59	7155.47	169.17
84.60	7157.16	169.19
84.61	7158.85	169.21
84.62	7160.54	169.23
84.63	7162.24	169.25
84.64	7163.93	169.27
84.65	7165.62	169.29
84.66	7167.32	169.31
84.67	7169.01	169.33
84.68	7170.70	169.35
84.69	7172.40	169.37
84.70	7174.09	169.39
84.71	7175.78	169.41
84.72	7177.48	169.43
84.73	7179.17	169.45
84.74	7180.87	169.47
84.75	7182.56	169.49
84.76	7184.26	169.51
84.77	7185.95	169.53
84.78	7187.65	169.55
84.79	7189.34	169.57
84.80	7191.04	169.59
84.81	7192.74	169.61
84.82	7194.43	169.63
84.83	7196.13	169.65
84.84	7197.83	169.67
84.85	7199.52	169.69
84.86	7201.22	169.71
84.87	7202.92	169.73
84.88	7204.61	169.75
84.89	7206.31	169.77
84.90	7208.01	169.79
84.91	7209.71	169.81
84.92	7211.41	169.83
84.93	7213.10	169.85
84.94	7214.80	169.87
84.95	7216.50	169.89
84.96	7218.20	169.91
84.97	7219.90	169.93
84.98	7221.60	169.95
84.99	7223.30	169.97
85.00	7225.00	169.99
85.01	7226.70	170.01
85.02	7228.40	170.03
85.03	7230.10	170.05
85.04	7231.80	170.07
85.05	7233.50	170.09
85.06	7235.20	170.11
85.07	7236.90	170.13
85.08	7238.61	170.15
85.09	7240.31	170.17
85.10	7242.01	170.19
85.11	7243.71	170.21
85.12	7245.41	170.23
85.13	7247.12	170.25
85.14	7248.82	170.27
85.15	7250.52	170.29
85.16	7252.23	170.31
85.17	7253.93	170.33
85.18	7255.63	170.35
85.19	7257.34	170.37
85.20	7259.04	170.39
85.21	7260.74	170.41
85.22	7262.45	170.43
85.23	7264.15	170.45
85.24	7265.86	170.47
85.25	7267.56	170.49
85.26	7269.27	170.51
85.27	7270.97	170.53
85.28	7272.68	170.55
85.29	7274.38	170.57
85.30	7276.09	170.59
85.31	7277.80	170.61
85.32	7279.50	170.63
85.33	7281.21	170.65
85.34	7282.92	170.67
85.35	7284.62	170.69
85.36	7286.33	170.71
85.37	7288.04	170.73
85.38	7289.74	170.75
85.39	7291.45	170.77
85.40	7293.16	170.79
85.41	7294.87	170.81
85.42	7296.58	170.83
85.43	7298.28	170.85
85.44	7299.99	170.87
85.45	7301.70	170.89
85.46	7303.41	170.91
85.47	7305.12	170.93
85.48	7306.83	170.95
85.49	7308.54	170.97
85.50	7310.25	170.99
85.51	7311.96	171.01
85.52	7313.67	171.03
85.53	7315.38	171.05
85.54	7317.09	171.07
85.55	7318.80	171.09
85.56	7320.51	171.11
85.57	7322.22	171.13
85.58	7323.94	171.15
85.59	7325.65	171.17
85.60	7327.36	171.19
85.61	7329.07	171.21
85.62	7330.78	171.23
85.63	7332.50	171.25
85.64	7334.21	171.27
85.65	7335.92	171.29
85.66	7337.64	171.31
85.67	7339.35	171.33
85.68	7341.06	171.35
85.69	7342.78	171.37
85.70	7344.49	171.39
85.71	7346.20	171.41
85.72	7347.92	171.43
85.73	7349.63	171.45
85.74	7351.35	171.47
85.75	7353.06	171.49
85.76	7354.78	171.51
85.77	7356.49	171.53
85.78	7358.21	171.55
85.79	7359.92	171.57
85.80	7361.64	171.59
85.81	7363.36	171.61
85.82	7365.07	171.63
85.83	7366.79	171.65
85.84	7368.51	171.67
85.85	7370.22	171.69
85.86	7371.94	171.71
85.87	7373.66	171.73
85.88	7375.37	171.75
85.89	7377.09	171.77
85.90	7378.81	171.79
85.91	7380.53	171.81
85.92	7382.25	171.83
85.93	7383.96	171.85
85.94	7385.68	171.87
85.95	7387.40	171.89
85.96	7389.12	171.91
85.97	7390.84	171.93
85.98	7392.56	171.95
85.99	7394.28	171.97
86.00	7396.00	171.99
86.01	7397.72	172.01
86.02	7399.44	172.03
86.03	7401.16	172.05
86.04	7402.88	172.07
86.05	7404.60	172.09
86.06	7406.32	172.11
86.07	7408.04	172.13
86.08	7409.77	172.15
86.09	7411.49	172.17
86.10	7413.21	172.19
86.11	7414.93	172.21
86.12	7416.65	172.23
86.13	7418.38	172.25
86.14	7420.10	172.27
86.15	7421.82	172.29
86.16	7423.55	172.31
86.17	7425.27	172.33
86.18	7426.99	172.35
86.19	7428.72	172.37
86.20	7430.44	172.39
86.21	7432.16	172.41
86.22	7433.89	172.43
86.23	7435.61	172.45
86.24	7437.34	172.47
86.25	7439.06	172.49
86.26	7440.79	172.51
86.27	7442.51	172.53
86.28	7444.24	172.55
86.29	7445.96	172.57
86.30	7447.69	172.59
86.31	7449.42	172.61
86.32	7451.14	172.63
86.33	7452.87	172.65
86.34	7454.60	172.67
86.35	7456.32	172.69
86.36	7458.05	172.71
86.37	7459.78	172.73
86.38	7461.50	172.75
86.39	7463.23	172.77
86.40	7464.96	172.79
86.41	7466.69	172.81
86.42	7468.42	172.83
86.43	7470.14	172.85
86.44	7471.87	172.87
86.45	7473.60	172.89
86.46	7475.33	172.91
86.47	7477.06	172.93
86.48	7478.79	172.95
86.49	7480.52	172.97
86.50	7482.25	172.99
86.51	7483.98	173.01
86.52	7485.71	173.03
86.53	7487.44	173.05
86.54	7489.17	173.07
86.55	7490.90	173.09
86.56	7492.63	173.11
86.57	7494.36	173.13
86.58	7496.10	173.15
86.59	7497.83	173.17
86.60	7499.56	173.19
86.61	7501.29	173.21
86.62	7503.02	173.23
86.63	7504.76	173.25
86.64	7506.49	173.27
86.65	7508.22	173.29
86.66	7509.96	173.31
86.67	7511.69	173.33
86.68	7513.42	173.35
86.69	7515.16	173.37
86.70	7516.89	173.39
86.71	7518.62	173.41
86.72	7520.36	173.43
86.73	7522.09	173.45
86.74	7523.83	173.47
86.75	7525.56	173.49
86.76	7527.30	173.51
86.77	7529.03	173.53
86.78	7530.77	173.55
86.79	7532.50	173.57
86.80	7534.24	173.59
86.81	7535.98	173.61
86.82	7537.71	173.63
86.83	7539.45	173.65
86.84	7541.19	173.67
86.85	7542.92	173.69
86.86	7544.66	173.71
86.87	7546.40	173.73
86.88	7548.13	173.75
86.89	7549.87	173.77
86.90	7551.61	173.79
86.91	7553.35	173.81
86.92	7555.09	173.83
86.93	7556.82	173.85
86.94	7558.56	173.87
86.95	7560.30	173.89
86.96	7562.04	173.91
86.97	7563.78	173.93
86.98	7565.52	173.95
86.99	7567.26	173.97
87.00	7569.00	173.99
87.01	7570.74	174.01
87.02	7572.48	174.03
87.03	7574.22	174.05
87.04	7575.96	174.07
87.05	7577.70	174.09
87.06	7579.44	174.11
87.07	7581.18	174.13
87.08	7582.93	174.15
87.09	7584.67	174.17
87.10	7586.41	174.19
87.11	7588.15	174.21
87.12	7589.89	174.23
87.13	7591.64	174.25
87.14	7593.38	174.27
87.15	7595.12	174.29
87.16	7596.87	174.31
87.17	7598.61	174.33
87.18	7600.35	174.35
87.19	7602.10	174.37
87.20	7603.84	174.39
87.21	7605.58	174.41
87.22	7607.33	174.43
87.23	7609.07	174.45
87.24	7610.82	174.47
87.25	7612.56	174.49
87.26	7614.31	174.51
87.27	7616.05	174.53
87.28	7617.80	174.55
87.29	7619.54	174.57
87.30	7621.29	174.59
87.31	7623.04	174.61
87.32	7624.78	174.63
87.33	7626.53	174.65
87.34	7628.28	174.67
87.35	7630.02	174.69
87.36	7631.77	174.71
87.37	7633.52	174.73
87.38	7635.26	174.75
87.39	7637.01	174.77
87.40	7638.76	174.79
87.41	7640.51	174.81
87.42	7642.26	174.83
87.43	7644.00	174.85
87.44	7645.75	174.87
87.45	7647.50	174.89
87.46	7649.25	174.91
87.47	7651.00	174.93
87.48	7652.75	174.95
87.49	7654.50	174.97
87.50	7656.25	174.99
87.51	7658.00	175.01
87.52	7659.75	175.03
87.53	7661.50	175.05
87.54	7663.25	175.07
87.55	7665.00	175.09
87.56	7666.75	175.11
87.57	7668.50	175.13
87.58	7670.26	175.15
87.59	7672.01	175.17
87.60	7673.76	175.19
87.61	7675.51	175.21
87.62	7677.26	175.23
87.63	7679.02	175.25
87.64	7680.77	175.27
87.65	7682.52	175.29
87.66	7684.28	175.31
87.67	7686.03	175.33
87.68	7687.78	175.35
87.69	7689.54	175.37
87.70	7691.29	175.39
87.71	7693.04	175.41
87.72	7694.80	175.43
87.73	7696.55	175.45
87.74	7698.31	175.47
87.75	7700.06	175.49
87.76	7701.82	175.51
87.77	7703.57	175.53
87.78	7705.33	175.55
87.79	7707.08	175.57
87.80	7708.84	175.59
87.81	7710.60	175.61
87.82	7712.35	175.63
87.83	7714.11	175.65
87.84	7715.87	175.67
87.85	7717.62	175.69
87.86	7719.38	175.71
87.87	7721.14	175.73
87.88	7722.89	175.75
87.89	7724.65	175.77
87.90	7726.41	175.79
87.91	7728.17	175.81
87.92	7729.93	175.83
87.93	7731.68	175.85
87.94	7733.44	175.87
87.95	7735.20	175.89
87.96	7736.96	175.91
87.97	7738.72	175.93
87.98	7740.48	175.95
87.99	7742.24	175.97
88.00	7744.00	175.99
88.01	7745.76	176.01
88.02	7747.52	176.03
88.03	7749.28	176.05
88.04	7751.04	176.07
88.05	7752.80	176.09
88.06	7754.56	176.11
88.07	7756.32	176.13
88.08	7758.09	176.15
88.09	7759.85	176.17
88.10	7761.61	176.19
88.11	7763.37	176.21
88.12	7765.13	176.23
88.13	7766.90	176.25
88.14	7768.66	176.27
88.15	7770.42	176.29
88.16	7772.19	176.31
88.17	7773.95	176.33
88.18	7775.71	176.35
88.19	7777.48	176.37
88.20	7779.24	176.39
88.21	7781.00	176.41
88.22	7782.77	176.43
88.23	7784.53	176.45
88.24	7786.30	176.47
88.25	7788.06	176.49
88.26	7789.83	176.51
88.27	7791.59	176.53
88.28	7793.36	176.55
88.29	7795.12	176.57
88.30	7796.89	176.59
88.31	7798.66	176.61
88.32	7800.42	176.63
88.33	7802.19	176.65
88.34	7803.96	176.67
88.35	7805.72	176.69
88.36	7807.49	176.71
88.37	7809.26	176.73
88.38	7811.02	176.75
88.39	7812.79	176.77
88.40	7814.56	176.79
88.41	7816.33	176.81
88.42	7818.10	176.83
88.43	7819.86	176.85
88.44	7821.63	176.87
88.45	7823.40	176.89
88.46	7825.17	176.91
88.47	7826.94	176.93
88.48	7828.71	176.95
88.49	7830.48	176.97
88.50	7832.25	176.99
88.51	7834.02	177.01
88.52	7835.79	177.03
88.53	7837.56	177.05
88.54	7839.33	177.07
88.55	7841.10	177.09
88.56	7842.87	177.11
88.57	7844.64	177.13
88.58	7846.42	177.15
88.59	7848.19	177.17
88.60	7849.96	177.19
88.61	7851.73	177.21
88.62	7853.50	177.23
88.63	7855.28	177.25
88.64	7857.05	177.27
88.65	7858.82	177.29
88.66	7860.60	177.31
88.67	7862.37	177.33
88.68	7864.14	177.35
88.69	7865.92	177.37
88.70	7867.69	177.39
88.71	7869.46	177.41
88.72	7871.24	177.43
88.73	7873.01	177.45
88.74	7874.79	177.47
88.75	7876.56	177.49
88.76	7878.34	177.51
88.77	7880.11	177.53
88.78	7881.89	177.55
88.79	7883.66	177.57
88.80	7885.44	177.59
88.81	7887.22	177.61
88.82	7888.99	177.63
88.83	7890.77	177.65
88.84	7892.55	177.67
88.85	7894.32	177.69
88.86	7896.10	177.71
88.87	7897.88	177.73
88.88	7899.65	177.75
88.89	7901.43	177.77
88.90	7903.21	177.79
88.91	7904.99	177.81
88.92	7906.77	177.83
88.93	7908.54	177.85
88.94	7910.32	177.87
88.95	7912.10	177.89
88.96	7913.88	177.91
88.97	7915.66	177.93
88.98	7917.44	177.95
88.99	7919.22	177.97
89.00	7921.00	177.99
89.01	7922.78	178.01
89.02	7924.56	178.03
89.03	7926.34	178.05
89.04	7928.12	178.07
89.05	7929.90	178.09
89.06	7931.68	178.11
89.07	7933.46	178.13
89.08	7935.25	178.15
89.09	7937.03	178.17
89.10	7938.81	178.19
89.11	7940.59	178.21
89.12	7942.37	178.23
89.13	7944.16	178.25
89.14	7945.94	178.27
89.15	7947.72	178.29
89.16	7949.51	178.31
89.17	7951.29	178.33
89.18	7953.07	178.35
89.19	7954.86	178.37
89.20	7956.64	178.39
89.21	7958.42	178.41
89.22	7960.21	178.43
89.23	7961.99	178.45
89.24	7963.78	178.47
89.25	7965.56	178.49
89.26	7967.35	178.51
89.27	7969.13	178.53
89.28	7970.92	178.55
89.29	7972.70	178.57
89.30	7974.49	178.59
89.31	7976.28	178.61
89.32	7978.06	178.63
89.33	7979.85	178.65
89.34	7981.64	178.67
89.35	7983.42	178.69
89.36	7985.21	178.71
89.37	7987.00	178.73
89.38	7988.78	178.75
89.39	7990.57	178.77
89.40	7992.36	178.79
89.41	7994.15	178.81
89.42	7995.94	178.83
89.43	7997.72	178.85
89.44	7999.51	178.87
89.45	8001.30	178.89
89.46	8003.09	178.91
89.47	8004.88	178.93
89.48	8006.67	178.95
89.49	8008.46	178.97
89.50	8010.25	178.99
89.51	8012.04	179.01
89.52	8013.83	179.03
89.53	8015.62	179.05
89.54	8017.41	179.07
89.55	8019.20	179.09
89.56	8020.99	179.11
89.57	8022.78	179.13
89.58	8024.58	179.15
89.59	8026.37	179.17
89.60	8028.16	179.19
89.61	8029.95	179.21
89.62	8031.74	179.23
89.63	8033.54	179.25
89.64	8035.33	179.27
89.65	8037.12	179.29
89.66	8038.92	179.31
89.67	8040.71	179.33
89.68	8042.50	179.35
89.69	8044.30	179.37
89.70	8046.09	179.39
89.71	8047.88	179.41
89.72	8049.68	179.43
89.73	8051.47	179.45
89.74	8053.27	179.47
89.75	8055.06	179.49
89.76	8056.86	179.51
89.77	8058.65	179.53
89.78	8060.45	179.55
89.79	8062.24	179.57
89.80	8064.04	179.59
89.81	8065.84	179.61
89.82	8067.63	179.63
89.83	8069.43	179.65
89.84	8071.23	179.67
89.85	8073.02	179.69
89.86	8074.82	179.71
89.87	8076.62	179.73
89.88	8078.41	179.75
89.89	8080.21	179.77
89.90	8082.01	179.79
89.91	8083.81	179.81
89.92	8085.61	179.83
89.93	8087.40	179.85
89.94	8089.20	179.87
89.95	8091.00	179.89
89.96	8092.80	179.91
89.97	8094.60	179.93
89.98	8096.40	179.95
89.99	8098.20	179.97
