x	f(x)	f'(x)
10.00	22026.47	0.00
10.01	22247.84	22136.97
10.02	22471.43	22359.45
10.03	22697.27	22584.16
10.04	22925.38	22811.14
10.05	23155.79	23040.39
10.06	23388.51	23271.95
10.07	23623.56	23505.84
10.08	23860.99	23742.08
10.09	24100.79	23980.69
10.10	24343.01	24221.70
10.11	24587.66	24465.13
10.12	24834.77	24711.01
10.13	25084.36	24959.36
10.14	25336.47	25210.21
10.15	25591.10	25463.57
10.16	25848.30	25719.49
10.17	26108.08	25977.97
10.18	26370.47	26239.05
10.19	26635.49	26502.76
10.20	26903.19	26769.12
10.21	27173.57	27038.15
10.22	27446.67	27309.89
10.23	27722.51	27584.36
10.24	28001.13	27861.59
10.25	28282.54	28141.60
10.26	28566.79	28424.43
10.27	28853.89	28710.10
10.28	29143.87	28998.64
10.29	29436.77	29290.08
10.30	29732.62	29584.45
10.31	30031.44	29881.78
10.32	30333.26	30182.10
10.33	30638.11	30485.43
10.34	30946.03	30791.81
10.35	31257.04	31101.28
10.36	31571.18	31413.85
10.37	31888.48	31729.56
10.38	32208.96	32048.45
10.39	32532.67	32370.54
10.40	32859.63	32695.87
10.41	33189.87	33024.47
10.42	33523.43	33356.37
10.43	33860.35	33691.61
10.44	34200.65	34030.22
10.45	34544.37	34372.23
10.46	34891.55	34717.67
10.47	35242.22	35066.59
10.48	35596.41	35419.02
10.49	35954.16	35774.98
10.50	36315.50	36134.53
10.51	36680.48	36497.69
10.52	37049.12	36864.49
10.53	37421.47	37234.99
10.54	37797.57	37609.21
10.55	38177.44	37987.19
10.56	38561.13	38368.96
10.57	38948.67	38754.58
10.58	39340.11	39144.07
10.59	39735.49	39537.47
10.60	40134.84	39934.83
10.61	40538.20	40336.18
10.62	40945.61	40741.57
10.63	41357.13	41151.03
10.64	41772.77	41564.60
10.65	42192.59	41982.33
10.66	42616.64	42404.26
10.67	43044.94	42830.43
10.68	43477.55	43260.89
10.69	43914.51	43695.66
10.70	44355.86	44134.81
10.71	44801.64	44578.38
10.72	45251.90	45026.40
10.73	45706.69	45478.92
10.74	46166.05	45935.99
10.75	46630.03	46397.65
10.76	47098.67	46863.96
10.77	47572.02	47334.95
10.78	48050.12	47810.67
10.79	48533.04	48291.18
10.80	49020.80	48776.51
10.81	49513.47	49266.72
10.82	50011.09	49761.86
10.83	50513.71	50261.98
10.84	51021.38	50767.12
10.85	51534.15	51277.34
10.86	52052.08	51792.68
10.87	52575.21	52313.21
10.88	53103.60	52838.96
10.89	53637.30	53370.01
10.90	54176.36	53906.38
10.91	54720.85	54448.15
10.92	55270.80	54995.36
10.93	55826.28	55548.08
10.94	56387.34	56106.34
10.95	56954.05	56670.22
10.96	57526.44	57239.77
10.97	58104.59	57815.04
10.98	58688.55	58396.09
10.99	59278.38	58982.98
11.00	59874.14	59575.77
11.01	60475.89	60174.51
11.02	61083.68	60779.28
11.03	61697.58	61390.12
11.04	62317.65	62007.10
11.05	62943.95	62630.28
11.06	63576.55	63259.73
11.07	64215.51	63895.50
11.08	64860.88	64537.66
11.09	65512.75	65186.27
11.10	66171.16	65841.40
11.11	66836.19	66503.12
11.12	67507.91	67171.49
11.13	68186.37	67846.57
11.14	68871.66	68528.44
11.15	69563.83	69217.17
11.16	70262.96	69912.81
11.17	70969.11	70615.44
11.18	71682.36	71325.14
11.19	72402.78	72041.97
11.20	73130.44	72766.01
11.21	73865.41	73497.32
11.22	74607.77	74235.98
11.23	75357.60	74982.06
11.24	76114.95	75735.64
11.25	76879.92	76496.80
11.26	77652.58	77265.60
11.27	78433.00	78042.14
11.28	79221.26	78826.47
11.29	80017.45	79618.69
11.30	80821.64	80418.87
11.31	81633.91	81227.10
11.32	82454.34	82043.44
11.33	83283.02	82867.99
11.34	84120.03	83700.83
11.35	84965.45	84542.04
11.36	85819.37	85391.70
11.37	86681.87	86249.90
11.38	87553.03	87116.73
11.39	88432.96	87992.26
11.40	89321.72	88876.60
11.41	90219.42	89769.82
11.42	91126.14	90672.03
11.43	92041.97	91583.30
11.44	92967.01	92503.72
11.45	93901.35	93433.40
11.46	94845.07	94372.42
11.47	95798.28	95320.88
11.48	96761.07	96278.87
11.49	97733.53	97246.49
11.50	98715.77	98223.83
11.51	99707.88	99211.00
11.52	100709.96	100208.09
11.53	101722.11	101215.19
11.54	102744.44	102232.42
11.55	103777.04	103259.88
11.56	104820.01	104297.66
11.57	105873.47	105345.86
11.58	106937.52	106404.61
11.59	108012.26	107473.99
11.60	109097.80	108554.12
11.61	110194.25	109645.11
11.62	111301.72	110747.06
11.63	112420.32	111860.09
11.64	113550.16	112984.30
11.65	114691.36	114119.81
11.66	115844.03	115266.74
11.67	117008.28	116425.19
11.68	118184.24	117595.28
11.69	119372.01	118777.13
11.70	120571.71	119970.86
11.71	121783.48	121176.59
11.72	123007.43	122394.43
11.73	124243.67	123624.52
11.74	125492.34	124866.96
11.75	126753.56	126121.90
11.76	128027.45	127389.44
11.77	129314.15	128669.73
11.78	130613.78	129962.88
11.79	131926.47	131269.03
11.80	133252.35	132588.31
11.81	134591.56	133920.84
11.82	135944.23	135266.77
11.83	137310.49	136626.22
11.84	138690.48	137999.34
11.85	140084.35	139386.25
11.86	141492.22	140787.11
11.87	142914.24	142202.04
11.88	144350.55	143631.20
11.89	145801.30	145074.72
11.90	147266.63	146532.74
11.91	148746.68	148005.42
11.92	150241.61	149492.90
11.93	151751.56	150995.33
11.94	153276.69	152512.86
11.95	154817.15	154045.63
11.96	156373.08	155593.82
11.97	157944.66	157157.56
11.98	159532.03	158737.02
11.99	161135.35	160332.36
12.00	162754.79	161943.72
12.01	164390.50	163571.28
12.02	166042.66	165215.20
12.03	167711.41	166875.64
12.04	169396.94	168552.77
12.05	171099.41	170246.76
12.06	172818.99	171957.76
12.07	174555.85	173685.97
12.08	176310.16	175431.54
12.09	178082.11	177194.66
12.10	179871.86	178975.49
12.11	181679.60	180774.23
12.12	183505.51	182591.04
12.13	185349.78	184426.11
12.14	187212.57	186279.62
12.15	189094.09	188151.76
12.16	190994.52	190042.72
12.17	192914.04	191952.68
12.18	194852.86	193881.84
12.19	196811.17	195830.38
12.20	198789.15	197798.51
12.21	200787.02	199786.42
12.22	202804.96	201794.31
12.23	204843.18	203822.37
12.24	206901.89	205870.82
12.25	208981.29	207939.86
12.26	211081.59	210029.69
12.27	213202.99	212140.52
12.28	215345.72	214272.57
12.29	217509.98	216426.04
12.30	219695.99	218601.16
12.31	221903.97	220798.14
12.32	224134.14	223017.20
12.33	226386.73	225258.56
12.34	228661.95	227522.44
12.35	230960.04	229809.08
12.36	233281.23	232118.70
12.37	235625.75	234451.53
12.38	237993.82	236807.81
12.39	240385.70	239187.77
12.40	242801.62	241591.65
12.41	245241.81	244019.68
12.42	247706.54	246472.12
12.43	250196.03	248949.21
12.44	252710.54	251451.19
12.45	255250.32	253978.31
12.46	257815.63	256530.84
12.47	260406.72	259109.02
12.48	263023.85	261713.11
12.49	265667.29	264343.37
12.50	268337.29	267000.06
12.51	271034.12	269683.46
12.52	273758.06	272393.82
12.53	276509.37	275131.42
12.54	279288.34	277896.54
12.55	282095.23	280689.45
12.56	284930.34	283510.42
12.57	287793.94	286359.75
12.58	290686.31	289237.71
12.59	293607.76	292144.60
12.60	296558.57	295080.70
12.61	299539.03	298046.31
12.62	302549.45	301041.73
12.63	305590.12	304067.25
12.64	308661.35	307123.17
12.65	311763.45	310209.81
12.66	314896.72	313327.47
12.67	318061.49	316476.47
12.68	321258.06	319657.11
12.69	324486.76	322869.72
12.70	327747.90	326114.61
12.71	331041.82	329392.12
12.72	334368.85	332702.56
12.73	337729.31	336046.28
12.74	341123.55	339423.60
12.75	344551.90	342834.86
12.76	348014.70	346280.41
12.77	351512.31	349760.59
12.78	355045.06	353275.74
12.79	358613.33	356826.22
12.80	362217.45	360412.38
12.81	365857.80	364034.59
12.82	369534.73	367693.20
12.83	373248.61	371388.58
12.84	376999.82	375121.09
12.85	380788.74	378891.12
12.86	384615.73	382699.04
12.87	388481.18	386545.23
12.88	392385.48	390430.07
12.89	396329.02	394353.96
12.90	400312.19	398317.29
12.91	404335.40	402320.44
12.92	408399.03	406363.83
12.93	412503.51	410447.85
12.94	416649.24	414572.92
12.95	420836.64	418739.45
12.96	425066.11	422947.85
12.97	429338.10	427198.55
12.98	433653.02	431491.96
12.99	438011.31	435828.53
13.00	442413.39	440208.68
13.01	446859.72	444632.85
13.02	451350.74	449101.49
13.03	455886.89	453615.03
13.04	460468.63	458173.94
13.05	465096.41	462778.66
13.06	469770.71	467429.66
13.07	474491.98	472127.41
13.08	479260.71	476872.37
13.09	484077.36	481665.02
13.10	488942.41	486505.83
13.11	493856.37	491395.30
13.12	498819.71	496333.90
13.13	503832.93	501322.14
13.14	508896.53	506360.51
13.15	514011.03	511449.52
13.16	519176.92	516589.67
13.17	524394.74	521781.48
13.18	529664.99	527025.48
13.19	534988.22	532322.17
13.20	540364.94	537672.10
13.21	545795.70	543075.79
13.22	551281.03	548533.79
13.23	556821.50	554046.65
13.24	562417.65	559614.91
13.25	568070.04	565239.13
13.26	573779.24	570919.88
13.27	579545.82	576657.72
13.28	585370.35	582453.23
13.29	591253.42	588306.98
13.30	597195.61	594219.56
13.31	603197.53	600191.57
13.32	609259.77	606223.60
13.33	615382.93	612316.24
13.34	621567.63	618470.12
13.35	627814.49	624685.85
13.36	634124.13	630964.05
13.37	640497.18	637305.34
13.38	646934.29	643710.37
13.39	653436.08	650179.77
13.40	660003.22	656714.18
13.41	666636.37	663314.27
13.42	673336.17	669980.69
13.43	680103.32	676714.11
13.44	686938.47	683515.20
13.45	693842.31	690384.64
13.46	700815.54	697323.12
13.47	707858.86	704331.33
13.48	714972.96	711409.98
13.49	722158.56	718559.77
13.50	729416.37	725781.41
13.51	736747.13	733075.64
13.52	744151.56	740443.17
13.53	751630.41	747884.75
13.54	759184.42	755401.12
13.55	766814.35	762993.02
13.56	774520.96	770661.23
13.57	782305.02	778406.50
13.58	790167.32	786229.62
13.59	798108.63	794131.36
13.60	806129.76	802112.51
13.61	814231.50	810173.88
13.62	822414.66	818316.26
13.63	830680.07	826540.48
13.64	839028.54	834847.34
13.65	847460.92	843237.70
13.66	855978.04	851712.38
13.67	864580.76	860272.23
13.68	873269.94	868918.11
13.69	882046.45	877650.88
13.70	890911.17	886471.42
13.71	899864.97	895380.61
13.72	908908.77	904379.33
13.73	918043.45	913468.50
13.74	927269.94	922649.01
13.75	936589.16	931921.78
13.76	946002.04	941287.75
13.77	955509.51	950747.85
13.78	965112.54	960303.03
13.79	974812.09	969954.23
13.80	984609.11	979702.43
13.81	994504.60	989548.61
13.82	1004499.53	999493.74
13.83	1014594.92	1009538.82
13.84	1024791.77	1019684.85
13.85	1035091.10	1029932.85
13.86	1045493.94	1040283.85
13.87	1056001.33	1050738.88
13.88	1066614.32	1061298.98
13.89	1077333.97	1071965.21
13.90	1088161.36	1082738.64
13.91	1099097.56	1093620.34
13.92	1110143.67	1104611.41
13.93	1121300.80	1115712.94
13.94	1132570.06	1126926.04
13.95	1143952.58	1138251.84
13.96	1155449.50	1149691.46
13.97	1167061.96	1161246.05
13.98	1178791.12	1172916.77
13.99	1190638.17	1184704.78
14.00	1202604.28	1196611.26
14.01	1214690.66	1208637.40
14.02	1226898.50	1220784.41
14.03	1239229.04	1233053.49
14.04	1251683.50	1245445.89
14.05	1264263.12	1257962.83
14.06	1276969.18	1270605.56
14.07	1289802.93	1283375.36
14.08	1302765.67	1296273.50
14.09	1315858.68	1309301.26
14.10	1329083.28	1322459.96
14.11	1342440.79	1335750.90
14.12	1355932.54	1349175.42
14.13	1369559.89	1362734.86
14.14	1383324.20	1376430.58
14.15	1397226.84	1390263.93
14.16	1411269.20	1404236.32
14.17	1425452.69	1418349.13
14.18	1439778.73	1432603.77
14.19	1454248.75	1447001.68
14.20	1468864.19	1461544.29
14.21	1483626.52	1476233.05
14.22	1498537.21	1491069.44
14.23	1513597.76	1506054.94
14.24	1528809.67	1521191.04
14.25	1544174.47	1536479.27
14.26	1559693.68	1551921.14
14.27	1575368.86	1567518.21
14.28	1591201.58	1583272.03
14.29	1607193.42	1599184.18
14.30	1623345.99	1615256.24
14.31	1639660.88	1631489.84
14.32	1656139.75	1647886.58
14.33	1672784.23	1664448.12
14.34	1689595.99	1681176.10
14.35	1706576.71	1698072.20
14.36	1723728.09	1715138.11
14.37	1741051.85	1732375.54
14.38	1758549.71	1749786.20
14.39	1776223.43	1767371.84
14.40	1794074.77	1785134.23
14.41	1812105.52	1803075.12
14.42	1830317.49	1821196.33
14.43	1848712.48	1839499.66
14.44	1867292.35	1857986.94
14.45	1886058.95	1876660.01
14.46	1905014.16	1895520.76
14.47	1924159.87	1914571.06
14.48	1943498.00	1933812.82
14.49	1963030.48	1953247.96
14.50	1982759.26	1972878.43
14.51	2002686.33	1992706.19
14.52	2022813.66	2012733.22
14.53	2043143.27	2032961.52
14.54	2063677.20	2053393.13
14.55	2084417.50	2074030.07
14.56	2105366.25	2094874.42
14.57	2126525.53	2115928.26
14.58	2147897.47	2137193.69
14.59	2169484.20	2158672.84
14.60	2191287.88	2180367.87
14.61	2213310.68	2202280.93
14.62	2235554.83	2224414.22
14.63	2258022.53	2246769.95
14.64	2280716.03	2269350.37
14.65	2303637.61	2292157.72
14.66	2326789.55	2315194.29
14.67	2350174.17	2338462.38
14.68	2373793.82	2361964.31
14.69	2397650.84	2385702.45
14.70	2421747.63	2409679.16
14.71	2446086.60	2433896.83
14.72	2470670.18	2458357.90
14.73	2495500.83	2483064.81
14.74	2520581.03	2508020.03
14.75	2545913.29	2533226.05
14.76	2571500.14	2558685.39
14.77	2597344.15	2584400.61
14.78	2623447.89	2610374.27
14.79	2649813.98	2636608.97
14.80	2676445.06	2663107.33
14.81	2703343.78	2689872.00
14.82	2730512.83	2716905.66
14.83	2757954.94	2744211.02
14.84	2785672.85	2771790.80
14.85	2813669.33	2799647.76
14.86	2841947.17	2827784.69
14.87	2870509.22	2856204.39
14.88	2899358.32	2884909.73
14.89	2928497.35	2913903.55
14.90	2957929.24	2943188.77
14.91	2987656.92	2972768.31
14.92	3017683.37	3002645.13
14.93	3048011.60	3032822.21
14.94	3078644.62	3063302.58
14.95	3109585.51	3094089.28
14.96	3140837.37	3125185.40
14.97	3172403.31	3156594.03
14.98	3204286.49	3188318.33
14.99	3236490.11	3220361.46
15.00	3269017.37	3252726.63
15.01	3301871.54	3285417.08
15.02	3335055.90	3318436.07
15.03	3368573.77	3351786.91
15.04	3402428.50	3385472.93
15.05	3436623.48	3419497.49
15.06	3471162.12	3453864.02
15.07	3506047.88	3488575.93
15.08	3541284.24	3523636.70
15.09	3576874.74	3559049.83
15.10	3612822.93	3594818.88
15.11	3649132.40	3630947.41
15.12	3685806.80	3667439.04
15.13	3722849.77	3704297.41
15.14	3760265.03	3741526.22
15.15	3798056.32	3779129.18
15.16	3836227.42	3817110.06
15.17	3874782.15	3855472.66
15.18	3913724.36	3894220.80
15.19	3953057.94	3933358.37
15.20	3992786.84	3972889.28
15.21	4032915.01	4012817.48
15.22	4073446.48	4053146.97
15.23	4114385.30	4093881.77
15.24	4155735.56	4135025.97
15.25	4197501.39	4176583.67
15.26	4239686.98	4218559.03
15.27	4282296.55	4260956.26
15.28	4325334.34	4303779.58
15.29	4368804.68	4347033.28
15.30	4412711.89	4390721.69
15.31	4457060.38	4434849.18
15.32	4501854.59	4479420.16
15.33	4547098.98	4524439.08
15.34	4592798.08	4569910.45
15.35	4638956.47	4615838.81
15.36	4685578.76	4662228.76
15.37	4732669.61	4709084.94
15.38	4780233.73	4756412.03
15.39	4828275.87	4804214.77
15.40	4876800.85	4852497.93
15.41	4925813.52	4901266.34
15.42	4975318.77	4950524.89
15.43	5025321.55	5000278.49
15.44	5075826.87	5050532.12
15.45	5126839.78	5101290.82
15.46	5178365.38	5152559.64
15.47	5230408.81	5204343.73
15.48	5282975.30	5256648.25
15.49	5336070.08	5309478.44
15.50	5389698.48	5362839.59
15.51	5443865.85	5416737.02
15.52	5498577.61	5471176.13
15.53	5553839.23	5526162.37
15.54	5609656.24	5581701.22
15.55	5666034.23	5637798.25
15.56	5722978.82	5694459.07
15.57	5780495.71	5751689.33
15.58	5838590.66	5809494.77
15.59	5897269.47	5867881.16
15.60	5956538.01	5926854.35
15.61	6016402.22	5986420.23
15.62	6076868.06	6046584.75
15.63	6137941.60	6107353.94
15.64	6199628.94	6168733.87
15.65	6261936.25	6230730.67
15.66	6324869.75	6293350.56
15.67	6388435.75	6356599.78
15.68	6452640.60	6420484.67
15.69	6517490.71	6485011.61
15.70	6582992.58	6550187.06
15.71	6649152.76	6616017.54
15.72	6715977.86	6682509.62
15.73	6783474.56	6749669.96
15.74	6851649.61	6817505.27
15.75	6920509.83	6886022.34
15.76	6990062.11	6955228.01
15.77	7060313.40	7025129.22
15.78	7131270.73	7095732.94
15.79	7202941.20	7167046.24
15.80	7275331.96	7239076.25
15.81	7348450.26	7311830.18
15.82	7422303.41	7385315.29
15.83	7496898.80	7459538.95
15.84	7572243.89	7534508.56
15.85	7648346.20	7610231.63
15.86	7725213.36	7686715.73
15.87	7802853.05	7763968.50
15.88	7881273.02	7841997.69
15.89	7960481.13	7920811.07
15.90	8040485.30	8000416.55
15.91	8121293.52	8080822.07
15.92	8202913.88	8162035.68
15.93	8285354.53	8244065.50
15.94	8368623.73	8326919.74
15.95	8452729.80	8410606.67
15.96	8537681.14	8495134.68
15.97	8623486.27	8580512.20
15.98	8710153.74	8666747.78
15.99	8797692.24	8753850.04
16.00	8886110.52	8841827.70
16.01	8975417.42	8930689.55
16.02	9065621.86	9020444.47
16.03	9156732.88	9111101.44
16.04	9248759.57	9202669.53
16.05	9341711.15	9295157.90
16.06	9435596.91	9388575.79
16.07	9530426.23	9482932.55
16.08	9626208.61	9578237.60
16.09	9722953.61	9674500.49
16.10	9820670.92	9771730.84
16.11	9919370.31	9869938.36
16.12	10019061.63	9969132.89
16.13	10119754.88	10069324.35
16.14	10221460.11	10170522.74
16.15	10324187.49	10272738.19
16.16	10427947.30	10375980.93
16.17	10532749.91	10480261.27
16.18	10638605.81	10585589.64
16.19	10745525.57	10691976.59
16.20	10853519.90	10799432.74
16.21	10962599.59	10907968.84
16.22	11072775.55	11017595.75
16.23	11184058.79	11128324.43
16.24	11296460.45	11240165.95
16.25	11409991.76	11353131.50
16.26	11524664.09	11467232.37
16.27	11640488.89	11582479.97
16.28	11757477.75	11698885.83
16.29	11875642.36	11816461.58
16.30	11994994.55	11935219.00
16.31	12115546.25	12055169.94
16.32	12237309.51	12176326.41
16.33	12360296.52	12298700.53
16.34	12484519.57	12422304.52
16.35	12609991.07	12547150.76
16.36	12736723.59	12673251.72
16.37	12864729.79	12800620.02
16.38	12994022.47	12929268.39
16.39	13124614.57	13059209.70
16.40	13256519.14	13190456.94
16.41	13389749.37	13323023.23
16.42	13524318.59	13456921.84
16.43	13660240.25	13592166.15
16.44	13797527.95	13728769.69
16.45	13936195.41	13866746.12
16.46	14076256.50	14006109.24
16.47	14217725.23	14146872.98
16.48	14360615.75	14289051.41
16.49	14504942.33	14432658.77
16.50	14650719.43	14577709.40
16.51	14797961.61	14724217.82
16.52	14946683.59	14872198.67
16.53	15096900.26	15021666.75
16.54	15248626.63	15172637.01
16.55	15401877.88	15325124.54
16.56	15556669.32	15479144.61
16.57	15713016.45	15634712.60
16.58	15870934.89	15791844.07
16.59	16030440.44	15950554.74
16.60	16191549.04	16110860.48
16.61	16354276.81	16272777.32
16.62	16518640.03	16436321.45
16.63	16684655.12	16601509.23
16.64	16852338.69	16768357.17
16.65	17021707.51	16936881.96
16.66	17192778.52	17107100.46
16.67	17365568.81	17279029.67
16.68	17540095.68	17452686.81
16.69	17716376.57	17628089.23
16.70	17894429.12	17805254.47
16.71	18074271.12	17984200.25
16.72	18255920.57	18164944.47
16.73	18439395.62	18347505.20
16.74	18624714.63	18531900.69
16.75	18811896.12	18718149.39
16.76	19000958.82	18906269.92
16.77	19191921.63	19096281.09
16.78	19384803.65	19288201.90
16.79	19579624.16	19482051.56
16.80	19776402.66	19677849.43
16.81	19975158.81	19875615.10
16.82	20175912.49	20075368.36
16.83	20378683.78	20277129.16
16.84	20583492.96	20480917.70
16.85	20790360.51	20686754.34
16.86	20999307.10	20894659.68
16.87	21210353.65	21104654.50
16.88	21423521.25	21316759.81
16.89	21638831.21	21530996.80
16.90	21856305.08	21747386.92
16.91	22075964.60	21965951.79
16.92	22297831.73	22186713.28
16.93	22521928.67	22409693.45
16.94	22748277.81	22634914.62
16.95	22976901.81	22862399.29
16.96	23207823.51	23092170.22
16.97	23441066.01	23324250.39
16.98	23676652.64	23558663.01
16.99	23914606.96	23795431.51
17.00	24154952.75	24034579.57
17.01	24397714.06	24276131.11
17.02	24642915.17	24520110.28
17.03	24890580.58	24766541.49
17.04	25140735.08	25015449.37
17.05	25393403.66	25266858.81
17.06	25648611.61	25520794.97
17.07	25906384.45	25777283.22
17.08	26166747.94	26036349.22
17.09	26429728.13	26298018.88
17.10	26695351.31	26562318.37
17.11	26963644.05	26829274.10
17.12	27234633.18	27098912.79
17.13	27508345.79	27371261.39
17.14	27784809.27	27646347.14
17.15	28064051.24	27924197.55
17.16	28346099.64	28204840.40
17.17	28630982.68	28488303.76
17.18	28918728.84	28774615.97
17.19	29209366.90	29063805.67
17.20	29502925.92	29355901.78
17.21	29799435.25	29650933.49
17.22	30098924.55	29948930.33
17.23	30401423.78	30249922.08
17.24	30706963.16	30553938.85
17.25	31015573.27	30861011.04
17.26	31327284.97	31171169.36
17.27	31642129.42	31484444.82
17.28	31960138.10	31800868.75
17.29	32281342.83	32120472.80
17.30	32605775.72	32443288.92
17.31	32933469.21	32769349.39
17.32	33264456.08	33098686.83
17.33	33598769.42	33431334.16
17.34	33936442.67	33767324.65
17.35	34277509.59	34106691.91
17.36	34622004.29	34449469.86
17.37	34969961.22	34795692.79
17.38	35321415.17	35145395.32
17.39	35676401.29	35498612.41
17.40	36034955.09	35855379.40
17.41	36397112.41	36215731.95
17.42	36762909.47	36579706.11
17.43	37132382.85	36947338.27
17.44	37505569.50	37318665.19
17.45	37882506.74	37693724.01
17.46	38263232.27	38072552.23
17.47	38647784.14	38455187.75
17.48	39036200.83	38841668.81
17.49	39428521.17	39232034.07
17.50	39824784.40	39626322.57
17.51	40225030.13	40024573.73
17.52	40629298.41	40426827.38
17.53	41037629.65	40833123.75
17.54	41450064.68	41243503.47
17.55	41866644.76	41658007.57
17.56	42287411.53	42076677.51
17.57	42712407.08	42499555.14
17.58	43141673.91	42926682.78
17.59	43575254.94	43358103.11
17.60	44013193.53	43793859.29
17.61	44455533.48	44233994.89
17.62	44902319.02	44678553.93
17.63	45353594.83	45127580.86
17.64	45809406.04	45581120.59
17.65	46269798.22	46039218.47
17.66	46734817.43	46501920.31
17.67	47204510.15	46969272.38
17.68	47678923.36	47441321.41
17.69	48158104.51	47918114.62
17.70	48642101.51	48399699.68
17.71	49130962.75	48886124.75
17.72	49624737.14	49377438.47
17.73	50123474.04	49873689.97
17.74	50627223.33	50374928.89
17.75	51136035.38	50881205.34
17.76	51649961.08	51392569.96
17.77	52169051.82	51909073.87
17.78	52693359.51	52430768.74
17.79	53222936.57	52957706.73
17.80	53757835.98	53489940.53
17.81	54298111.21	54027523.37
17.82	54843816.30	54570509.00
17.83	55395005.82	55118951.74
17.84	55951734.88	55672906.41
17.85	56514059.17	56232428.42
17.86	57082034.91	56797573.72
17.87	57655718.89	57368398.83
17.88	58235168.50	57944960.82
17.89	58820441.68	58527317.36
17.90	59411596.94	59115526.68
17.91	60008693.42	59709647.60
17.92	60611790.81	60309739.54
17.93	61220949.44	60915862.50
17.94	61836230.21	61528077.09
17.95	62457694.66	62146444.55
17.96	63085404.92	62771026.70
17.97	63719423.78	63401886.00
17.98	64359814.64	64039085.55
17.99	65006641.53	64682689.06
18.00	65659969.14	65332760.89
18.01	66319862.80	65989366.06
18.02	66986388.50	66652570.21
18.03	67659612.90	67322439.68
18.04	68339603.31	67999041.45
18.05	69026427.74	68682443.17
18.06	69720154.88	69372713.20
18.07	70420854.08	70069920.56
18.08	71128595.43	70774134.97
18.09	71843449.70	71485426.85
18.10	72565488.37	72203867.34
18.11	73294783.66	72929528.27
18.12	74031408.48	73662482.21
18.13	74775436.50	74402802.47
18.14	75526942.13	75150563.06
18.15	76286000.52	75905838.78
18.16	77052687.57	76668705.14
18.17	77827079.96	77439238.44
18.18	78609255.11	78217515.72
18.19	79399291.26	79003614.83
18.20	80197267.41	79797614.35
18.21	81003263.34	80599593.71
18.22	81817359.67	81409633.10
18.23	82639637.81	82227813.51
18.24	83470179.98	83054216.77
18.25	84309069.23	83888925.53
18.26	85156389.46	84732023.25
18.27	86012225.41	85583594.24
18.28	86876662.64	86443723.66
18.29	87749787.62	87312497.53
18.30	88631687.65	88190002.72
18.31	89522450.91	89076326.98
18.32	90422166.50	89971558.95
18.33	91330924.39	90875788.15
18.34	92248815.44	91789105.00
18.35	93175931.44	92711600.84
18.36	94112365.12	93643367.92
18.37	95058210.12	94584499.42
18.38	96013561.01	95535089.44
18.39	96978513.34	96495233.05
18.40	97953163.61	97465026.27
18.41	98937609.27	98444566.07
18.42	99931948.77	99433950.40
18.43	100936281.55	100433278.22
18.44	101950708.05	101442649.45
18.45	102975329.70	102462165.02
18.46	104010248.97	103491926.90
18.47	105055569.35	104532038.06
18.48	106111395.37	105582602.51
18.49	107177832.62	106643725.30
18.50	108254987.75	107715512.56
18.51	109342968.46	108798071.46
18.52	110441883.57	109891510.26
18.53	111551842.95	110995938.29
18.54	112672957.61	112111466.02
18.55	113805339.66	113238204.99
18.56	114949102.34	114376267.87
18.57	116104360.02	115525768.47
18.58	117271228.24	116686821.74
18.59	118449823.68	117859543.80
18.60	119640264.20	119044051.91
18.61	120842668.84	120240464.52
18.62	122057157.86	121448901.28
18.63	123283852.69	122669483.03
18.64	124522876.00	123902331.83
18.65	125774351.71	125147570.96
18.66	127038404.96	126405324.96
18.67	128315162.16	127675719.60
18.68	129604750.98	128958881.91
18.69	130907300.38	130254940.22
18.70	132222940.62	131564024.14
18.71	133551803.27	132886264.56
18.72	134894021.21	134221793.72
18.73	136249728.66	135570745.18
18.74	137619061.20	136933253.82
18.75	139002155.75	138309455.90
18.76	140399150.64	139699489.04
18.77	141810185.57	141103492.25
18.78	143235401.63	142521605.92
18.79	144674941.35	143953971.87
18.80	146128948.68	145400733.34
18.81	147597569.03	146862035.01
18.82	149080949.26	148338023.00
18.83	150579237.71	149828844.91
18.84	152092584.21	151334649.84
18.85	153621140.09	152855588.35
18.86	155165058.22	154391812.56
18.87	156724492.98	155943476.07
18.88	158299600.32	157510734.06
18.89	159890537.75	159093743.25
18.90	161497464.37	160692661.96
18.91	163120540.87	162307650.06
18.92	164759929.56	163938869.06
18.93	166415794.38	165586482.09
18.94	168088300.92	167250653.90
18.95	169777616.43	168931550.91
18.96	171483909.84	170629341.23
18.97	173207351.79	172344194.61
18.98	174948114.61	174076282.57
18.99	176706372.40	175825778.29
19.00	178482300.96	177592856.74
19.01	180276077.91	179377694.62
19.02	182087882.61	181180470.43
19.03	183917896.26	183001364.43
19.04	185766301.85	184840558.72
19.05	187633284.22	186698237.22
19.06	189519030.07	188574585.69
19.07	191423727.99	190469791.79
19.08	193347568.44	192384045.02
19.09	195290743.81	194317536.82
19.10	197253448.42	196270460.53
19.11	199235878.53	198243011.45
19.12	201238232.40	200235386.84
19.13	203260710.26	202247785.93
19.14	205303514.36	204280409.97
19.15	207366848.98	206333462.23
19.16	209450920.46	208407148.00
19.17	211555937.21	210501674.66
19.18	213682109.72	212617251.66
19.19	215829650.63	214754090.56
19.20	217998774.68	216912405.05
19.21	220189698.79	219092410.97
19.22	222402642.05	221294326.30
19.23	224637825.76	223518371.26
19.24	226895473.45	225764768.24
19.25	229175810.87	228033741.88
19.26	231479066.06	230325519.08
19.27	233805469.35	232640329.04
19.28	236155253.38	234978403.21
19.29	238528653.13	237339975.43
19.30	240925905.95	239725281.84
19.31	243347251.56	242134560.97
19.32	245792932.10	244568053.77
19.33	248263192.13	247026003.57
19.34	250758278.70	249508656.18
19.35	253278441.30	252016259.86
19.36	255823931.95	254549065.38
19.37	258395005.21	257107326.02
19.38	260991918.19	259691297.61
19.39	263614930.57	262301238.54
19.40	266264304.67	264937409.81
19.41	268940305.42	267600075.05
19.42	271643200.42	270289500.51
19.43	274373259.98	273005955.15
19.44	277130757.08	275749710.62
19.45	279915967.49	278521041.28
19.46	282729169.74	281320224.28
19.47	285570645.13	284147539.54
19.48	288440677.83	287003269.79
19.49	291339554.84	289887700.61
19.50	294267566.04	292801120.43
19.51	297225004.25	295743820.62
19.52	300212165.20	298716095.43
19.53	303229347.62	301718242.10
19.54	306276853.23	304750560.84
19.55	309354986.78	307813354.90
19.56	312464056.09	310906930.55
19.57	315604372.06	314031597.15
19.58	318776248.73	317187667.17
19.59	321980003.29	320375456.22
19.60	325215956.12	323595283.08
19.61	328484430.82	326847469.75
19.62	331785754.23	330132341.43
19.63	335120256.50	333450226.62
19.64	338488271.07	336801457.11
19.65	341890134.75	340186368.03
19.66	345326187.73	343605297.87
19.67	348796773.62	347058588.52
19.68	352302239.47	350546585.33
19.69	355842935.84	354069637.08
19.70	359419216.80	357628096.09
19.71	363031439.98	361222318.21
19.72	366679966.61	364852662.86
19.73	370365161.54	368519493.09
19.74	374087393.30	372223175.57
19.75	377847034.10	375964080.67
19.76	381644459.93	379742582.50
19.77	385480050.52	383559058.90
19.78	389354189.43	387413891.53
19.79	393267264.09	391307465.87
19.80	397219665.81	395240171.29
19.81	401211789.82	399212401.05
19.82	405244035.34	403224552.38
19.83	409316805.60	407277026.50
19.84	413430507.89	411370228.67
19.85	417585553.57	415504568.20
19.86	421782358.16	419680458.53
19.87	426021341.33	423898317.26
19.88	430302926.99	428158566.18
19.89	434627543.31	432461631.31
19.90	438995622.74	436807942.96
19.91	443407602.09	441197935.77
19.92	447863922.58	445632048.74
19.93	452365029.83	450110725.29
19.94	456911373.97	454634413.29
19.95	461503409.62	459203565.10
19.96	466141595.99	463818637.66
19.97	470826396.92	468480092.46
19.98	475558280.88	473188395.67
19.99	480337721.06	477944018.11
